NUMPOLLIES 36

// Floor 1
-18.0  0.0 -18.0 0.0 36.0
-18.0  0.0  18.0 0.0 0.0
 18.0  0.0  18.0 36.0 0.0

-18.0  0.0 -18.0 0.0 36.0
 18.0  0.0 -18.0 36.0 36.0
 18.0  0.0  18.0 36.0 0.0


// Ceiling 1
 -18.0  6.0 -18.0 0.0 36.0
 -18.0  6.0  18.0 0.0 0.0
  18.0  6.0  18.0 36.0 0.0

 -18.0  6.0 -18.0 0.0 36.0
  18.0  6.0 -18.0 36.0 36.0
  18.0  6.0  18.0 36.0 0.0

// A1

-18.0  6.0  -18.0 0.0  6.0
-18.0  0.0  -18.0 0.0  0.0
18     0.0  -18.0 18.0 0.0

-18.0  6.0  -18.0 0.0  6.0
18     6.0  -18.0 18.0 6.0
18     0.0  -18.0 18.0 0.0


// B1

-18.0  6.0   18.0 18.0  6.0
-18.0  0.0   18.0 18.0  0.0
 18.0  0.0   18.0 3     0.0

-18.0  6.0   18.0 18.0  6.0
 18.   6.0   18.0 3     6.0
 18.0  0.0   18.0 3     0.0

// C1

-18.0  6.0  -18.0 0.0  6.0
-18.0  0.0   -18.0 0.0 0.0
-18.0  0.0   18 18    0.0

-18.0  6.0  -18 0.0    6.0
-18.0  6.0   18 18      6.0
-18.0  0.0   18 18     0.0

// D1

18.0  6.0  -18.0 0.0 6.0
18.0  0.0   -18.0 0.0 0.0
18.0  0.0   18 18 0.0

18.0  6.0  -18 0.0 6.0
18.0  6.0  18 18 6.0
18.0  0.0  18 18 0.0
